0 2
2 2
5 2
7 2
10 2
13 2
15 2
18 2
20 2
23 2
26 2
28 2
31 2
34 2
36 2
39 2
41 2
44 2
47 2
49 2
52 2
54 2
57 2
60 2
62 2
65 2
68 2
70 2
73 2
75 2
78 2
81 2
83 2
86 2
89 2
91 2
94 2
96 2
99 2
102 2
104 2
107 2
109 2
112 2
115 2
117 2
120 2
123 2
125 2
128 2
130 2
133 2
136 2
138 2
141 2
143 2
146 2
149 2
151 2
154 2
157 2
159 2
162 2
164 2
167 2
170 2
172 2
175 2
178 2
180 2
183 2
185 2
188 2
191 2
193 2
196 2
198 2
201 2
204 2
206 2
209 2
212 2
214 2
217 2
219 2
222 2
225 2
227 2
230 2
233 2
235 2
238 2
240 2
243 2
246 2
248 2
251 2
253 2
256 2
259 2
261 2
264 2
267 2
269 2
272 2
274 2
277 2
280 2
282 2
285 2
287 2
290 2
293 2
295 2
298 2
301 2
303 2
306 2
308 2
311 2
314 2
316 2
319 2
322 2
324 2
327 2
329 2
332 2
335 2
337 2
340 2
342 2
345 2
348 2
350 2
353 2
356 2
358 2
361 2
363 2
366 2
369 2
371 2
374 2
376 2
379 2
382 2
384 2
387 2
390 2
392 2
395 2
397 2
400 2
403 2
405 2
408 2
411 2
413 2
416 2
418 2
421 2
424 2
426 2
429 2
431 2
434 2
437 2
439 2
442 2
445 2
447 2
450 2
452 2
455 2
458 2
460 2
463 2
466 2
468 2
471 2
473 2
476 2
479 2
481 2
484 2
486 2
489 2
492 2
494 2
497 2
500 2
502 2
505 2
507 2
510 2
513 2
515 2
518 2
520 2
523 2
526 2
528 2
531 2
534 2
536 2
539 2
541 2
544 2
547 2
549 2
552 2
555 2
557 2
560 2
562 2
565 2
568 2
570 2
573 2
575 2
578 2
581 2
583 2
586 2
589 2
591 2
594 2
596 2
599 2
602 2
604 2
607 2
610 2
612 2
615 2
617 2
620 2
623 2
625 2
628 2
630 2
633 2
636 2
638 2
641 2
644 2
646 2
649 2
651 2
654 2
657 2
659 2
662 2
664 2
667 2
670 2
672 2
675 2
678 2
680 2
683 2
685 2
688 2
691 2
693 2
696 2
699 2
701 2
704 2
706 2
709 2
712 2
714 2
717 2
719 2
722 2
725 2
727 2
730 2
733 2
735 2
738 2
740 2
743 2
746 2
748 2
751 2
753 2
756 2
759 2
761 2
764 2
767 2
769 2
772 2
774 2
777 2
780 2
782 2
785 2
788 2
790 2
793 2
795 2
798 2
801 2
803 2
806 2
808 2
811 2
814 2
816 2
819 2
822 2
824 2
827 2
829 2
832 2
835 2
837 2
840 2
843 2
845 2
848 2
850 2
853 2
856 2
858 2
861 2
863 2
866 2
869 2
871 2
874 2
877 2
879 2
882 2
884 2
887 2
890 2
892 2
895 2
897 2
900 2
903 2
905 2
908 2
911 2
913 2
916 2
918 2
921 2
924 2
926 2
929 2
932 2
934 2
937 2
939 2
942 2
945 2
947 2
950 2
952 2
955 2
958 2
960 2
963 2
966 2
968 2
971 2
973 2
976 2
979 2
981 2
984 2
986 2
989 2
992 2
994 2
997 2
